E	K_beta
-7.5	5.81411E-7
-7.4	5.82973E-7
-7.3	5.84541E-7
-7.2	5.86115E-7
-7.1	5.87696E-7
-7	5.89283E-7
-6.9	5.90877E-7
-6.8	5.92477E-7
-6.7	5.94083E-7
-6.6	5.95697E-7
-6.5	5.97316E-7
-6.4	5.98943E-7
-6.3	6.00576E-7
-6.2	6.02215E-7
-6.1	6.03862E-7
-6	6.05515E-7
-5.9	6.07175E-7
-5.8	6.08842E-7
-5.7	6.10516E-7
-5.6	6.12197E-7
-5.5	6.13884E-7
-5.4	6.15579E-7
-5.3	6.17281E-7
-5.2	6.1899E-7
-5.1	6.20706E-7
-5	6.22429E-7
-4.9	6.24159E-7
-4.8	6.25897E-7
-4.7	6.27642E-7
-4.6	6.29394E-7
-4.5	6.31153E-7
-4.4	6.3292E-7
-4.3	6.34694E-7
-4.2	6.36476E-7
-4.1	6.38266E-7
-4	6.40063E-7
-3.9	6.41867E-7
-3.8	6.43679E-7
-3.7	6.45499E-7
-3.6	6.47327E-7
-3.5	6.49163E-7
-3.4	6.51006E-7
-3.3	6.52857E-7
-3.2	6.54716E-7
-3.1	6.56583E-7
-3	6.58458E-7
-2.9	6.60341E-7
-2.8	6.62233E-7
-2.7	6.64132E-7
-2.6	6.6604E-7
-2.5	6.67956E-7
-2.4	6.6988E-7
-2.3	6.71812E-7
-2.2	6.73753E-7
-2.1	6.75703E-7
-2	6.7766E-7
-1.9	6.79627E-7
-1.8	6.81602E-7
-1.7	6.83585E-7
-1.6	6.85578E-7
-1.5	6.87579E-7
-1.4	6.89589E-7
-1.3	6.91607E-7
-1.2	6.93635E-7
-1.1	6.95671E-7
-1	6.97717E-7
-0.9	6.99772E-7
-0.8	7.01835E-7
-0.7	7.03908E-7
-0.6	7.0599E-7
-0.5	7.08082E-7
-0.4	7.10182E-7
-0.3	7.12292E-7
-0.2	7.14412E-7
-0.1	7.16541E-7
0	7.18679E-7
0.1	7.20828E-7
0.2	7.22985E-7
0.3	7.25153E-7
0.4	7.2733E-7
0.5	7.29518E-7
0.6	7.31715E-7
0.7	7.33922E-7
0.8	7.36139E-7
0.9	7.38366E-7
1	7.40603E-7
1.1	7.42851E-7
1.2	7.45109E-7
1.3	7.47377E-7
1.4	7.49656E-7
1.5	7.51945E-7
1.6	7.54244E-7
1.7	7.56554E-7
1.8	7.58875E-7
1.9	7.61207E-7
2	7.63549E-7
2.1	7.65902E-7
2.2	7.68266E-7
2.3	7.70641E-7
2.4	7.73027E-7
2.5	7.75425E-7
2.6	7.77833E-7
2.7	7.80253E-7
2.8	7.82684E-7
2.9	7.85126E-7
3	7.8758E-7
3.1	7.90046E-7
3.2	7.92523E-7
3.3	7.95012E-7
3.4	7.97513E-7
3.5	8.00025E-7
3.6	8.02549E-7
3.7	8.05086E-7
3.8	8.07634E-7
3.9	8.10195E-7
4	8.12768E-7
4.1	8.15353E-7
4.2	8.17951E-7
4.3	8.20561E-7
4.4	8.23183E-7
4.5	8.25818E-7
4.6	8.28466E-7
4.7	8.31127E-7
4.8	8.33801E-7
4.9	8.36487E-7
5	8.39187E-7
5.1	8.41899E-7
5.2	8.44625E-7
5.3	8.47365E-7
5.4	8.50117E-7
5.5	8.52883E-7
5.6	8.55663E-7
5.7	8.58456E-7
5.8	8.61263E-7
5.9	8.64084E-7
6	8.66919E-7
6.1	8.69768E-7
6.2	8.72631E-7
6.3	8.75508E-7
6.4	8.78399E-7
6.5	8.81305E-7
6.6	8.84225E-7
6.7	8.8716E-7
6.8	8.9011E-7
6.9	8.93074E-7
7	8.96053E-7
7.1	8.99047E-7
7.2	9.02057E-7
7.3	9.05081E-7
7.4	9.08121E-7
7.5	9.11176E-7
7.6	9.14247E-7
7.7	9.17333E-7
7.8	9.20435E-7
7.9	9.23553E-7
8	9.26686E-7
8.1	9.29836E-7
8.2	9.33002E-7
8.3	9.36184E-7
8.4	9.39382E-7
8.5	9.42597E-7
8.6	9.45829E-7
8.7	9.49077E-7
8.8	9.52342E-7
8.9	9.55624E-7
9	9.58923E-7
9.1	9.62239E-7
9.2	9.65573E-7
9.3	9.68924E-7
9.4	9.72292E-7
9.5	9.75678E-7
9.6	9.79082E-7
9.7	9.82504E-7
9.8	9.85943E-7
9.9	9.89401E-7
10	9.92878E-7
10.1	9.96372E-7
10.2	9.99885E-7
10.3	1.00342E-6
10.4	1.00697E-6
10.5	1.01054E-6
10.6	1.01413E-6
10.7	1.01773E-6
10.8	1.02136E-6
10.9	1.02501E-6
11	1.02867E-6
11.1	1.03236E-6
11.2	1.03607E-6
11.3	1.03979E-6
11.4	1.04354E-6
11.5	1.04731E-6
11.6	1.05109E-6
11.7	1.0549E-6
11.8	1.05873E-6
11.9	1.06258E-6
12	1.06645E-6
12.1	1.07034E-6
12.2	1.07426E-6
12.3	1.07819E-6
12.4	1.08215E-6
12.5	1.08613E-6
12.6	1.09013E-6
12.7	1.09415E-6
12.8	1.0982E-6
12.9	1.10227E-6
13	1.10636E-6
13.1	1.11047E-6
13.2	1.11461E-6
13.3	1.11877E-6
13.4	1.12295E-6
13.5	1.12716E-6
13.6	1.13139E-6
13.7	1.13564E-6
13.8	1.13992E-6
13.9	1.14423E-6
14	1.14855E-6
14.1	1.15291E-6
14.2	1.15728E-6
14.3	1.16169E-6
14.4	1.16611E-6
14.5	1.17057E-6
14.6	1.17505E-6
14.7	1.17955E-6
14.8	1.18408E-6
14.9	1.18864E-6
15	1.19322E-6
15.1	1.19783E-6
15.2	1.20247E-6
15.3	1.20713E-6
15.4	1.21183E-6
15.5	1.21654E-6
15.6	1.22129E-6
15.7	1.22607E-6
15.8	1.23087E-6
15.9	1.2357E-6
16	1.24056E-6
16.1	1.24545E-6
16.2	1.25037E-6
16.3	1.25531E-6
16.4	1.26029E-6
16.5	1.2653E-6
16.6	1.27033E-6
16.7	1.2754E-6
16.8	1.2805E-6
16.9	1.28563E-6
17	1.29079E-6
17.1	1.29598E-6
17.2	1.3012E-6
17.3	1.30645E-6
17.4	1.31174E-6
17.5	1.31706E-6
17.6	1.32241E-6
17.7	1.32779E-6
17.8	1.33321E-6
17.9	1.33866E-6
18	1.34414E-6
18.1	1.34966E-6
18.2	1.35521E-6
18.3	1.3608E-6
18.4	1.36642E-6
18.5	1.37208E-6
18.6	1.37777E-6
18.7	1.38349E-6
18.8	1.38926E-6
18.9	1.39506E-6
19	1.40089E-6
19.1	1.40677E-6
19.2	1.41268E-6
19.3	1.41863E-6
19.4	1.42461E-6
19.5	1.43063E-6
19.6	1.4367E-6
19.7	1.4428E-6
19.8	1.44894E-6
19.9	1.45512E-6
20	1.46134E-6
20.1	1.4676E-6
20.2	1.4739E-6
20.3	1.48024E-6
20.4	1.48662E-6
20.5	1.49305E-6
20.6	1.49951E-6
20.7	1.50602E-6
20.8	1.51257E-6
20.9	1.51917E-6
21	1.5258E-6
21.1	1.53249E-6
21.2	1.53921E-6
21.3	1.54598E-6
21.4	1.5528E-6
21.5	1.55966E-6
21.6	1.56657E-6
21.7	1.57352E-6
21.8	1.58052E-6
21.9	1.58757E-6
22	1.59466E-6
22.1	1.6018E-6
22.2	1.60899E-6
22.3	1.61623E-6
22.4	1.62352E-6
22.5	1.63086E-6
22.6	1.63825E-6
22.7	1.64569E-6
22.8	1.65318E-6
22.9	1.66072E-6
23	1.66832E-6
23.1	1.67596E-6
23.2	1.68366E-6
23.3	1.69142E-6
23.4	1.69922E-6
23.5	1.70709E-6
23.6	1.715E-6
23.7	1.72298E-6
23.8	1.731E-6
23.9	1.73909E-6
24	1.74723E-6
24.1	1.75543E-6
24.2	1.76369E-6
24.3	1.77201E-6
24.4	1.78039E-6
24.5	1.78882E-6
24.6	1.79732E-6
24.7	1.80588E-6
24.8	1.8145E-6
24.9	1.82318E-6
25	1.83193E-6
25.1	1.84074E-6
25.2	1.84961E-6
25.3	1.85855E-6
25.4	1.86755E-6
25.5	1.87662E-6
25.6	1.88576E-6
25.7	1.89496E-6
25.8	1.90423E-6
25.9	1.91357E-6
26	1.92298E-6
26.1	1.93246E-6
26.2	1.94201E-6
26.3	1.95164E-6
26.4	1.96133E-6
26.5	1.9711E-6
26.6	1.98094E-6
26.7	1.99086E-6
26.8	2.00085E-6
26.9	2.01092E-6
27	2.02106E-6
27.1	2.03128E-6
27.2	2.04158E-6
27.3	2.05196E-6
27.4	2.06242E-6
27.5	2.07296E-6
27.6	2.08358E-6
27.7	2.09429E-6
27.8	2.10508E-6
27.9	2.11595E-6
28	2.12691E-6
28.1	2.13795E-6
28.2	2.14908E-6
28.3	2.1603E-6
28.4	2.17161E-6
28.5	2.18301E-6
28.6	2.19449E-6
28.7	2.20607E-6
28.8	2.21775E-6
28.9	2.22951E-6
29	2.24138E-6
29.1	2.25333E-6
29.2	2.26539E-6
29.3	2.27754E-6
29.4	2.28979E-6
29.5	2.30214E-6
29.6	2.3146E-6
29.7	2.32715E-6
29.8	2.33981E-6
29.9	2.35257E-6
30	2.36544E-6
30.1	2.37842E-6
30.2	2.3915E-6
30.3	2.4047E-6
30.4	2.418E-6
30.5	2.43142E-6
30.6	2.44495E-6
30.7	2.45859E-6
30.8	2.47235E-6
30.9	2.48623E-6
31	2.50022E-6
31.1	2.51434E-6
31.2	2.52858E-6
31.3	2.54294E-6
31.4	2.55742E-6
31.5	2.57203E-6
31.6	2.58676E-6
31.7	2.60163E-6
31.8	2.61662E-6
31.9	2.63175E-6
32	2.64701E-6
32.1	2.6624E-6
32.2	2.67793E-6
32.3	2.6936E-6
32.4	2.70941E-6
32.5	2.72536E-6
32.6	2.74145E-6
32.7	2.75769E-6
32.8	2.77408E-6
32.9	2.79061E-6
33	2.80729E-6
33.1	2.82413E-6
33.2	2.84112E-6
33.3	2.85826E-6
33.4	2.87556E-6
33.5	2.89303E-6
33.6	2.91065E-6
33.7	2.92844E-6
33.8	2.94639E-6
33.9	2.96452E-6
34	2.98281E-6
34.1	3.00127E-6
34.2	3.01991E-6
34.3	3.03873E-6
34.4	3.05773E-6
34.5	3.0769E-6
34.6	3.09626E-6
34.7	3.11581E-6
34.8	3.13555E-6
34.9	3.15547E-6
35	3.1756E-6
35.1	3.19591E-6
35.2	3.21643E-6
35.3	3.23715E-6
35.4	3.25807E-6
35.5	3.2792E-6
35.6	3.30054E-6
35.7	3.32209E-6
35.8	3.34385E-6
35.9	3.36584E-6
36	3.38805E-6
36.1	3.41048E-6
36.2	3.43314E-6
36.3	3.45603E-6
36.4	3.47915E-6
36.5	3.50251E-6
36.6	3.52612E-6
36.7	3.54996E-6
36.8	3.57406E-6
36.9	3.5984E-6
37	3.62301E-6
37.1	3.64787E-6
37.2	3.67299E-6
37.3	3.69838E-6
37.4	3.72403E-6
37.5	3.74997E-6
37.6	3.77618E-6
37.7	3.80267E-6
37.8	3.82945E-6
37.9	3.85652E-6
38	3.88389E-6
38.1	3.91155E-6
38.2	3.93952E-6
38.3	3.9678E-6
38.4	3.9964E-6
38.5	4.02531E-6
38.6	4.05455E-6
38.7	4.08412E-6
38.8	4.11403E-6
38.9	4.14428E-6
39	4.17487E-6
39.1	4.20582E-6
39.2	4.23713E-6
39.3	4.2688E-6
39.4	4.30085E-6
39.5	4.33328E-6
39.6	4.36609E-6
39.7	4.3993E-6
39.8	4.43292E-6
39.9	4.46695E-6
40	4.5014E-6
40.1	4.53629E-6
40.2	4.57161E-6
40.3	4.6074E-6
40.4	4.64364E-6
40.5	4.68037E-6
40.6	4.71759E-6
40.7	4.75532E-6
40.8	4.79357E-6
40.9	4.83236E-6
41	4.87172E-6
41.1	4.91166E-6
41.2	4.95221E-6
41.3	4.99338E-6
41.4	5.03522E-6
41.5	5.07774E-6
41.6	5.12099E-6
41.7	5.165E-6
41.8	5.20981E-6
41.9	5.25547E-6
42	5.30203E-6
42.1	5.34954E-6
42.2	5.39806E-6
42.3	5.44766E-6
42.4	5.49842E-6
42.5	5.55042E-6
42.6	5.60375E-6
42.7	5.65851E-6
42.8	5.71482E-6
42.9	5.77279E-6
43	5.83257E-6
43.1	5.8943E-6
43.2	5.95815E-6
43.3	6.02429E-6
43.4	6.09294E-6
43.5	6.16431E-6
43.6	6.23863E-6
43.7	6.31618E-6
43.8	6.39724E-6
43.9	6.48212E-6
44	6.57118E-6
44.1	6.66478E-6
44.2	6.76333E-6
44.3	6.86727E-6
44.4	6.9771E-6
44.5	7.09332E-6
44.6	7.2165E-6
44.7	7.34725E-6
44.8	7.48623E-6
44.9	7.63415E-6
45	7.79176E-6
45.1	7.95988E-6
45.2	8.1394E-6
45.3	8.33124E-6
45.4	8.5364E-6
45.5	8.75594E-6
45.6	8.99101E-6
45.7	9.24279E-6
45.8	9.51257E-6
45.9	9.80169E-6
46	1.01116E-5
46.1	1.04437E-5
46.2	1.07997E-5
46.3	1.11811E-5
46.4	1.15897E-5
46.5	1.20274E-5
46.6	1.24959E-5
46.7	1.29972E-5
46.8	1.35333E-5
46.9	1.41064E-5
47	1.47185E-5
47.1	1.53718E-5
47.2	1.60686E-5
47.3	1.68113E-5
47.4	1.7602E-5
47.5	1.84433E-5
47.6	1.93374E-5
47.7	2.02869E-5
47.8	2.1294E-5
47.9	2.23612E-5
48	2.34909E-5
48.1	2.46855E-5
48.2	2.59471E-5
48.3	2.7278E-5
48.4	2.86805E-5
48.5	3.01565E-5
48.6	3.1708E-5
48.7	3.33368E-5
48.8	3.50446E-5
48.9	3.68329E-5
49	3.8703E-5
49.1	4.0656E-5
49.2	4.26928E-5
49.3	4.48142E-5
49.4	4.70204E-5
49.5	4.93117E-5
49.6	5.16879E-5
49.7	5.41485E-5
49.8	5.66927E-5
49.9	5.93194E-5
50	6.20271E-5
50.1	6.4814E-5
50.2	6.76779E-5
50.3	7.06161E-5
50.4	7.36256E-5
50.5	7.67032E-5
50.6	7.98449E-5
50.7	8.30467E-5
50.8	8.6304E-5
50.9	8.96119E-5
51	9.29649E-5
51.1	9.63574E-5
51.2	9.97834E-5
51.3	1.03236E-4
51.4	1.0671E-4
51.5	1.10196E-4
51.6	1.13689E-4
51.7	1.1718E-4
51.8	1.20662E-4
51.9	1.24126E-4
52	1.27565E-4
52.1	1.3097E-4
52.2	1.34333E-4
52.3	1.37645E-4
52.4	1.40899E-4
52.5	1.44085E-4
52.6	1.47196E-4
52.7	1.50223E-4
52.8	1.53158E-4
52.9	1.55994E-4
53	1.58723E-4
53.1	1.61338E-4
53.2	1.63832E-4
53.3	1.66198E-4
53.4	1.6843E-4
53.5	1.70524E-4
53.6	1.72473E-4
53.7	1.74274E-4
53.8	1.75923E-4
53.9	1.77415E-4
54	1.7875E-4
54.1	1.79925E-4
54.2	1.80938E-4
54.3	1.8179E-4
54.4	1.8248E-4
54.5	1.83011E-4
54.6	1.83385E-4
54.7	1.83604E-4
54.8	1.83672E-4
54.9	1.83594E-4
55	1.83377E-4
55.1	1.83027E-4
55.2	1.82552E-4
55.3	1.81961E-4
55.4	1.81266E-4
55.5	1.80476E-4
55.6	1.79607E-4
55.7	1.7867E-4
55.8	1.77684E-4
55.9	1.76664E-4
56	1.75631E-4
56.1	1.74605E-4
56.2	1.73609E-4
56.3	1.72667E-4
56.4	1.71808E-4
56.5	1.71058E-4
56.6	1.70451E-4
56.7	1.70019E-4
56.8	1.69799E-4
56.9	1.69827E-4
57	1.70144E-4
57.1	1.70792E-4
57.2	1.71813E-4
57.3	1.73253E-4
57.4	1.75157E-4
57.5	1.7757E-4
57.6	1.80537E-4
57.7	1.84102E-4
57.8	1.88306E-4
57.9	1.93188E-4
58	1.98781E-4
58.1	2.05113E-4
58.2	2.12207E-4
58.3	2.20075E-4
58.4	2.28723E-4
58.5	2.38144E-4
58.6	2.4832E-4
58.7	2.59222E-4
58.8	2.70808E-4
58.9	2.8302E-4
59	2.9579E-4
59.1	3.09035E-4
59.2	3.22659E-4
59.3	3.36556E-4
59.4	3.50609E-4
59.5	3.64695E-4
59.6	3.78685E-4
59.7	3.92449E-4
59.8	4.0586E-4
59.9	4.18798E-4
60	4.31153E-4
60.1	4.42835E-4
60.2	4.53774E-4
60.3	4.6393E-4
60.4	4.73297E-4
60.5	4.8191E-4
60.6	4.89846E-4
60.7	4.97234E-4
60.8	5.04253E-4
60.9	5.11133E-4
61	5.18155E-4
61.1	5.25647E-4
61.2	5.33974E-4
61.3	5.4353E-4
61.4	5.54722E-4
61.5	5.67954E-4
61.6	5.83611E-4
61.7	6.02033E-4
61.8	6.23501E-4
61.9	6.48216E-4
62	6.76287E-4
62.1	7.07721E-4
62.2	7.42419E-4
62.3	7.80186E-4
62.4	8.20739E-4
62.5	8.63735E-4
62.6	9.08795E-4
62.7	9.55542E-4
62.8	0.001
62.9	0.00105
63	0.0011
63.1	0.00115
63.2	0.00121
63.3	0.00126
63.4	0.00131
63.5	0.00137
63.6	0.00143
63.7	0.00149
63.8	0.00156
63.9	0.00162
64	0.0017
64.1	0.00177
64.2	0.00186
64.3	0.00194
64.4	0.00203
64.5	0.00212
64.6	0.00222
64.7	0.00231
64.8	0.00241
64.9	0.00251
65	0.00261
65.1	0.0027
65.2	0.0028
65.3	0.0029
65.4	0.003
65.5	0.0031
65.6	0.00321
65.7	0.00331
65.8	0.00342
65.9	0.00353
66	0.00364
66.1	0.00376
66.2	0.00389
66.3	0.00401
66.4	0.00414
66.5	0.00427
66.6	0.0044
66.7	0.00453
66.8	0.00466
66.9	0.00479
67	0.00491
67.1	0.00502
67.2	0.00513
67.3	0.00523
67.4	0.00533
67.5	0.00541
67.6	0.00549
67.7	0.00557
67.8	0.00564
67.9	0.00571
68	0.00577
68.1	0.00584
68.2	0.00591
68.3	0.00599
68.4	0.00607
68.5	0.00616
68.6	0.00625
68.7	0.00636
68.8	0.00647
68.9	0.00658
69	0.0067
69.1	0.00682
69.2	0.00695
69.3	0.00706
69.4	0.00717
69.5	0.00727
69.6	0.00736
69.7	0.00742
69.8	0.00747
69.9	0.00749
70	0.00749
70.1	0.00747
70.2	0.00742
70.3	0.00735
70.4	0.00726
70.5	0.00715
70.6	0.00704
70.7	0.00691
70.8	0.00679
70.9	0.00666
71	0.00654
71.1	0.00642
71.2	0.0063
71.3	0.00619
71.4	0.00607
71.5	0.00594
71.6	0.00579
71.7	0.00562
71.8	0.00542
71.9	0.00519
72	0.00493
72.1	0.00463
72.2	0.0043
72.3	0.00395
72.4	0.00358
72.5	0.00321
72.6	0.00283
72.7	0.00247
72.8	0.00213
72.9	0.00181
73	0.00152
73.1	0.00127
73.2	0.00105
73.3	8.65361E-4
73.4	7.09955E-4
73.5	5.82429E-4
73.6	4.793E-4
73.7	3.96927E-4
73.8	3.31773E-4
73.9	2.80586E-4
74	2.4051E-4
74.1	2.09125E-4
74.2	1.84445E-4
74.3	1.6489E-4
74.4	1.49225E-4
74.5	1.36508E-4
74.6	1.26029E-4
74.7	1.17259E-4
74.8	1.09807E-4
74.9	1.03383E-4
75	9.77711E-5
75.1	9.28118E-5
75.2	8.83835E-5
75.3	8.43936E-5
75.4	8.07702E-5
75.5	7.7457E-5
75.6	7.44092E-5
75.7	7.15901E-5
75.8	6.89717E-5
75.9	6.65278E-5
76	6.42417E-5
76.1	6.2095E-5
76.2	6.00739E-5
76.3	5.81663E-5
76.4	5.63621E-5
76.5	5.46524E-5
76.6	5.30295E-5
76.7	5.14867E-5
76.8	5.00179E-5
76.9	4.86178E-5
77	4.72817E-5
77.1	4.60052E-5
77.2	4.47845E-5
77.3	4.3616E-5
77.4	4.24965E-5
77.5	4.1423E-5
77.6	4.03929E-5
77.7	3.94037E-5
77.8	3.8453E-5
77.9	3.75387E-5
78	3.6659E-5
78.1	3.58118E-5
78.2	3.49956E-5
78.3	3.42087E-5
78.4	3.34497E-5
78.5	3.27172E-5
78.6	3.20099E-5
78.7	3.13266E-5
78.8	3.06661E-5
78.9	3.00275E-5
79	2.94096E-5
79.1	2.88117E-5
79.2	2.82327E-5
79.3	2.76718E-5
79.4	2.71283E-5
79.5	2.66014E-5
79.6	2.60905E-5
79.7	2.55947E-5
79.8	2.51137E-5
79.9	2.46466E-5
80	2.4193E-5
80.1	2.37524E-5
80.2	2.33242E-5
80.3	2.29079E-5
80.4	2.25031E-5
80.5	2.21094E-5
80.6	2.17263E-5
80.7	2.13534E-5
80.8	2.09905E-5
80.9	2.0637E-5
81	2.02927E-5
81.1	1.99573E-5
81.2	1.96304E-5
81.3	1.93118E-5
81.4	1.90011E-5
81.5	1.86981E-5
81.6	1.84025E-5
81.7	1.81141E-5
81.8	1.78326E-5
81.9	1.75579E-5
82	1.72896E-5
82.1	1.70277E-5
82.2	1.67718E-5
82.3	1.65218E-5
82.4	1.62775E-5
82.5	1.60388E-5
82.6	1.58054E-5
82.7	1.55772E-5
82.8	1.53541E-5
82.9	1.51358E-5
83	1.49223E-5
83.1	1.47134E-5
83.2	1.4509E-5
83.3	1.43089E-5
83.4	1.4113E-5
83.5	1.39213E-5
83.6	1.37335E-5
83.7	1.35495E-5
83.8	1.33694E-5
83.9	1.31928E-5
84	1.30199E-5
84.1	1.28504E-5
84.2	1.26842E-5
84.3	1.25214E-5
84.4	1.23617E-5
84.5	1.22051E-5
84.6	1.20515E-5
84.7	1.19009E-5
84.8	1.17532E-5
84.9	1.16082E-5
85	1.1466E-5
85.1	1.13264E-5
85.2	1.11894E-5
85.3	1.10549E-5
85.4	1.09229E-5
85.5	1.07933E-5