Percentage ratio of oxid state 1 to 2 of Cu2O:

[[0.83 0.83 0.83 0.83 0.83 0.83 0.83 0.83 0.83 0.83 0.84 0.83 0.83]
 [0.83 0.84 0.84 0.84 0.84 0.84 0.84 0.84 0.84 0.84 0.84 0.84 0.84]
 [0.84 0.84 0.84 0.84 0.84 0.84 0.84 0.84 0.84 0.84 0.84 0.84 0.84]
 [0.84 0.84 0.84 0.84 0.84 0.84 0.84 0.84 0.84 0.84 0.84 0.84 0.84]
 [0.84 0.84 0.84 0.84 0.84 0.84 0.84 0.84 0.84 0.84 0.84 0.84 0.84]
 [0.84 0.84 0.84 0.84 0.84 0.84 0.84 0.84 0.84 0.84 0.84 0.84 0.84]
 [0.84 0.84 0.84 0.84 0.84 0.84 0.84 0.84 0.84 0.83 0.83 0.83 0.83]
 [0.83 0.83 0.83 0.83 0.83 0.83 0.83 0.83 0.83 0.83 0.83 0.83 0.83]
 [0.83 0.83 0.83 0.83 0.83 0.83 0.83 0.83 0.83 0.83 0.83 0.83 0.83]
 [0.83 0.83 0.82 0.82 0.82 0.82 0.82 0.82 0.82 0.82 0.82 0.82 0.82]
 [0.82 0.82 0.82 0.82 0.82 0.82 0.82 0.82 0.81 0.81 0.81 0.81 0.81]
 [0.81 0.81 0.81 0.81 0.81 0.81 0.81 0.81 0.81 0.81 0.81 0.81 0.8 ]
 [0.8  0.8  0.8  0.8  0.8  0.8  0.8  0.8  0.8  0.8  0.8  0.8  0.8 ]]


Absolute ratio of oxid state 1 to 2 of Cu2O:

[[5.03 5.03 5.01 4.99 4.94 5.   5.03 5.03 5.04 5.06 5.07 5.06 5.05]
 [5.06 5.08 5.1  5.11 5.13 5.13 5.14 5.15 5.16 5.15 5.17 5.17 5.16]
 [5.17 5.17 5.17 5.16 5.16 5.16 5.16 5.17 5.17 5.18 5.18 5.18 5.18]
 [5.18 5.18 5.18 5.18 5.18 5.18 5.18 5.18 5.19 5.19 5.19 5.18 5.18]
 [5.17 5.17 5.17 5.18 5.18 5.18 5.18 5.18 5.18 5.18 5.18 5.17 5.16]
 [5.15 5.15 5.15 5.14 5.14 5.14 5.13 5.13 5.12 5.11 5.1  5.1  5.08]
 [5.08 5.07 5.07 5.07 5.07 5.07 5.07 5.06 5.06 5.05 5.04 5.03 5.02]
 [5.01 5.01 5.   4.99 4.98 4.97 4.96 4.95 4.94 4.93 4.91 4.9  4.89]
 [4.88 4.87 4.86 4.85 4.84 4.82 4.81 4.8  4.79 4.78 4.76 4.75 4.74]
 [4.73 4.72 4.7  4.69 4.67 4.65 4.64 4.62 4.61 4.6  4.58 4.57 4.55]
 [4.54 4.53 4.51 4.5  4.48 4.46 4.44 4.42 4.4  4.38 4.36 4.35 4.33]
 [4.32 4.31 4.29 4.27 4.26 4.24 4.22 4.2  4.19 4.17 4.15 4.13 4.12]
 [4.11 4.09 4.08 4.07 4.05 4.04 4.02 4.01 4.   3.98 3.97 3.96 3.95]]


Percentage ratio of oxid state 1 to 2 of NiO:

[[0.85 0.85 0.81 0.83 0.81 0.79 0.8  0.8  0.8  0.81 0.8  0.81 0.82]
 [0.82 0.83 0.83 0.82 0.82 0.82 0.82 0.82 0.82 0.82 0.82 0.83 0.84]
 [0.84 0.84 0.84 0.84 0.84 0.84 0.84 0.84 0.84 0.84 0.85 0.85 0.85]
 [0.86 0.86 0.86 0.86 0.86 0.86 0.86 0.87 0.87 0.87 0.87 0.88 0.88]
 [0.88 0.88 0.88 0.89 0.89 0.89 0.89 0.89 0.89 0.89 0.9  0.9  0.9 ]
 [0.9  0.91 0.91 0.91 0.91 0.91 0.91 0.92 0.92 0.92 0.92 0.92 0.92]
 [0.92 0.92 0.93 0.93 0.93 0.93 0.93 0.93 0.93 0.93 0.94 0.94 0.94]
 [0.94 0.94 0.94 0.94 0.94 0.94 0.94 0.94 0.94 0.94 0.95 0.95 0.95]
 [0.95 0.95 0.95 0.95 0.95 0.95 0.95 0.95 0.95 0.95 0.95 0.95 0.95]
 [0.95 0.95 0.95 0.95 0.95 0.95 0.95 0.95 0.95 0.95 0.95 0.95 0.95]
 [0.95 0.95 0.95 0.95 0.95 0.95 0.95 0.95 0.95 0.95 0.95 0.95 0.95]
 [0.95 0.95 0.95 0.95 0.95 0.95 0.95 0.95 0.95 0.95 0.95 0.95 0.95]
 [0.95 0.95 0.95 0.95 0.95 0.95 0.95 0.95 0.95 0.95 0.95 0.95 0.95]]


Absolute ratio of oxid state 1 to 2 of NiO:

[[ 5.59  5.68  4.29  4.76  4.28  3.76  3.91  3.98  4.1   4.22  4.1   4.2
   4.6 ]
 [ 4.67  4.72  4.75  4.66  4.61  4.47  4.47  4.56  4.64  4.67  4.7   4.88
   5.16]
 [ 5.09  5.13  5.14  5.15  5.19  5.24  5.33  5.33  5.41  5.44  5.47  5.57
   5.82]
 [ 5.95  5.99  6.17  6.2   6.17  6.25  6.35  6.42  6.5   6.64  6.77  7.01
   7.38]
 [ 7.41  7.54  7.66  7.77  7.91  8.05  8.16  8.19  8.34  8.51  8.58  8.82
   9.15]
 [ 9.36  9.63  9.83 10.07 10.31 10.51 10.7  10.78 10.84 11.08 11.26 11.49
  11.82]
 [12.07 12.29 12.6  12.81 13.04 13.28 13.45 13.67 13.91 14.15 14.45 14.64
  14.81]
 [15.07 15.31 15.44 15.75 15.99 16.19 16.44 16.6  16.86 17.04 17.32 17.41
  17.35]
 [17.53 17.75 17.91 18.01 18.15 18.04 18.16 18.09 18.18 18.29 18.34 18.37
  18.41]
 [18.44 18.4  18.44 18.59 18.67 18.74 18.94 19.01 19.11 19.12 19.14 19.17
  18.98]
 [18.99 18.99 18.99 19.01 19.1  19.17 19.21 19.1  19.11 19.05 19.01 18.94
  18.96]
 [18.85 18.81 18.82 18.83 18.86 18.72 18.77 18.78 18.85 18.85 18.7  18.44
  18.2 ]
 [18.14 18.   17.89 17.75 17.68 17.98 17.88 17.81 17.71 17.58 17.47 17.34
  17.24]]


Percentage ratio of Cu2O to NiO:

[[0.99 0.98 0.98 0.99 0.99 0.99 0.99 0.99 0.99 0.98 0.98 0.98 0.98]
 [0.98 0.98 0.98 0.98 0.98 0.98 0.98 0.98 0.98 0.98 0.98 0.98 0.98]
 [0.98 0.98 0.98 0.98 0.98 0.98 0.98 0.98 0.98 0.98 0.98 0.97 0.97]
 [0.97 0.97 0.97 0.97 0.97 0.97 0.97 0.97 0.97 0.97 0.97 0.97 0.96]
 [0.96 0.96 0.96 0.96 0.96 0.96 0.96 0.96 0.96 0.96 0.96 0.95 0.95]
 [0.95 0.95 0.95 0.95 0.94 0.94 0.94 0.94 0.94 0.94 0.94 0.93 0.93]
 [0.93 0.93 0.93 0.92 0.92 0.92 0.92 0.92 0.91 0.91 0.91 0.91 0.9 ]
 [0.9  0.9  0.9  0.9  0.89 0.89 0.89 0.89 0.88 0.88 0.88 0.88 0.87]
 [0.87 0.87 0.87 0.87 0.86 0.86 0.86 0.86 0.85 0.85 0.85 0.84 0.84]
 [0.84 0.84 0.83 0.83 0.83 0.83 0.82 0.82 0.82 0.82 0.81 0.81 0.81]
 [0.81 0.8  0.8  0.8  0.79 0.79 0.79 0.79 0.78 0.78 0.78 0.77 0.77]
 [0.77 0.76 0.76 0.76 0.75 0.75 0.75 0.74 0.74 0.74 0.73 0.73 0.72]
 [0.72 0.72 0.72 0.71 0.71 0.71 0.7  0.7  0.69 0.69 0.69 0.68 0.68]]


Absolute ratio of Cu2O to NiO:

[[74.24 54.41 65.65 66.96 66.48 72.14 68.26 66.98 66.28 63.78 62.73 56.51
  48.94]
 [48.3  47.7  48.05 49.49 48.58 49.14 47.44 47.39 47.1  47.08 46.71 44.7
  41.07]
 [41.4  41.21 41.4  41.55 41.42 41.16 40.92 40.64 40.36 39.77 39.22 37.77
  35.44]
 [34.75 34.16 33.95 33.52 32.98 32.69 32.31 32.   31.51 30.97 30.26 29.08
  27.39]
 [26.53 25.97 25.46 25.06 24.68 24.27 23.82 23.35 22.85 22.24 21.51 20.59
  19.54]
 [18.93 18.44 17.95 17.54 17.15 16.75 16.37 15.97 15.56 15.13 14.65 14.13
  13.56]
 [13.18 12.85 12.48 12.13 11.82 11.5  11.22 10.92 10.65 10.38 10.07  9.78
   9.47]
 [ 9.25  9.06  8.81  8.59  8.38  8.17  7.98  7.81  7.64  7.48  7.31  7.14
   6.96]
 [ 6.83  6.71  6.56  6.43  6.29  6.15  6.02  5.9   5.78  5.66  5.54  5.43
   5.32]
 [ 5.23  5.15  5.05  4.96  4.87  4.78  4.69  4.61  4.53  4.45  4.37  4.3
   4.22]
 [ 4.16  4.1   4.02  3.95  3.87  3.8   3.73  3.65  3.58  3.51  3.45  3.39
   3.33]
 [ 3.28  3.23  3.17  3.12  3.06  3.    2.95  2.89  2.84  2.78  2.73  2.68
   2.63]
 [ 2.59  2.55  2.51  2.47  2.43  2.39  2.35  2.31  2.27  2.23  2.2   2.16
   2.15]]


Energy shift of main peak between oxid state 1 & 2

[[4.27339479 4.24345095 4.32702064 4.33239408 4.28110653 4.34799453
  4.32387037 4.33287563 4.34939881 4.38219921 4.35464732 4.28345392
  4.29935094]
 [4.30100262 4.2910124  4.32070916 4.3034889  4.302523   4.30302382
  4.30395293 4.27486641 4.33956344 4.27170839 4.27929217 4.26197709
  4.23704198]
 [4.27795667 4.25338915 4.29839457 4.30674321 4.31034241 4.28343439
  4.27068593 4.25414687 4.2655357  4.24910397 4.256167   4.25380932
  4.24713038]
 [4.17067666 4.25968465 4.27262107 4.29750207 4.27620786 4.2667974
  4.3092825  4.34938945 4.26816426 4.25912316 4.2383066  4.20188909
  4.21742271]
 [4.23836178 4.24965743 4.24911903 4.27768824 4.24422895 4.19669574
  4.2833113  4.24754998 4.28764715 4.24572801 4.25494635 4.16647122
  4.21948713]
 [4.20573039 4.26031723 4.30555696 4.27835567 4.22907129 4.2549868
  4.25200637 4.25574099 4.22197593 4.25868504 4.1924086  4.03097554
  4.10475587]
 [4.13226531 4.25461911 3.97847553 4.06244522 3.99617853 4.15088738
  3.97799813 4.16755745 4.06005422 4.12110266 3.78436037 4.13879298
  4.06701907]
 [4.0713912  4.15087121 4.16106369 4.14635411 4.13743044 4.13365542
  4.12905818 4.10239068 4.13518245 4.07126446 4.15673842 4.03922312
  4.03164773]
 [4.02815302 4.10922563 4.08831833 4.09736506 4.10170992 4.11416072
  4.1117692  4.12207704 4.09529561 4.08056076 4.09998978 4.05444364
  4.04423003]
 [4.03433903 4.09242613 4.10255034 4.12345552 4.11767764 4.12636873
  4.13078911 4.07502784 4.08664187 4.10172705 4.1001448  4.08948634
  4.07800532]
 [4.06536308 4.06839957 4.08542846 4.11061864 4.13642347 4.129493
  4.10495369 4.09941848 4.08880443 4.13331565 4.06758215 4.08017094
  4.05185045]
 [4.07868707 4.08183765 4.12591468 4.1240761  4.09671877 4.11706943
  4.09033469 4.0930259  4.09330689 4.34177905 4.09753635 3.99399165
  5.14980107]
 [4.08342205 4.02386258 4.0879214  5.24354865 5.23201932 5.2319986
  5.21356978 5.26263277 5.20512793 5.22742126 5.21297901 3.96972065
  5.22288338]]


Energy shift of the main peak over the sample in dependence of the 1st main peaks position of Cu2O:

[[ 0.          0.01068727 -0.24241655 -0.17268384 -0.13917785 -0.12285279
  -0.11225192 -0.09423584 -0.11012838 -0.11829426 -0.09949581 -0.02873965
  -0.02901194]
 [ 0.00906177 -0.00339224 -0.11989911 -0.09870217 -0.10084986 -0.07566293
  -0.06016843 -0.04661757 -0.08877176 -0.07665088 -0.09733677 -0.01240768
   0.00118342]
 [-0.01864573  0.00499143 -0.10087741 -0.08410596 -0.05807076 -0.07189986
  -0.03464593  0.02434375 -0.00043595  0.00835587 -0.00691319 -0.0049531
  -0.02238091]
 [ 0.02592233  0.03091748 -0.0603102  -0.02740638 -0.04133783 -0.03755864
  -0.01784118 -0.01809654 -0.05222317 -0.04748101 -0.05351885 -0.00847651
  -0.02443069]
 [-0.01093782  0.00849626 -0.03279368 -0.01935739 -0.00446122 -0.00381375
  -0.02569174 -0.02372473 -0.02154381 -0.05159786 -0.04829955 -0.02002408
  -0.04854184]
 [-0.00867833  0.013038   -0.07006939 -0.04148485 -0.03194885 -0.01776396
  -0.04792614 -0.04766915 -0.05839862 -0.08047911 -0.07901172 -0.0565699
  -0.05347453]
 [-0.04949977 -0.02337905 -0.0344457  -0.11841539 -0.05214869 -0.20685755
   0.1660317  -0.22352762  0.08397561 -0.14539746  0.15966946 -0.07986706
  -0.12292036]
 [-0.07545256 -0.03513765 -0.21703386 -0.20232427 -0.19340061 -0.18962558
  -0.18502835 -0.15836083 -0.19115261 -0.12275153 -0.09001189 -0.0946432
  -0.0874277 ]
 [-0.08355148 -0.05199734 -0.14428849 -0.15333513 -0.15768008 -0.17013082
  -0.16773936 -0.17804717 -0.15126577 -0.13653093 -0.15595995 -0.11041241
  -0.10020019]
 [-0.09030917 -0.11924701 -0.1585205  -0.17942568 -0.17364747 -0.18233889
  -0.18675697 -0.12896515 -0.14225946 -0.15769641 -0.15611493 -0.14545647
  -0.13397548]
 [-0.12133324 -0.12434044 -0.14139863 -0.16658881 -0.19239364 -0.18546317
  -0.16092385 -0.15538864 -0.14477459 -0.18928582 -0.12355231 -0.1361411
  -0.10782061]
 [-0.13465724 -0.13780781 -0.1818848  -0.18004627 -0.1526888  -0.16670677
  -0.14630486 -0.14899607 -0.14927493 -0.14544854 -0.15350652 -0.04996181
  -0.04936816]
 [-0.13939221 -0.07983258 -0.14389157 -0.10898034 -0.08799259 -0.08796878
  -0.06953994 -0.11933957 -0.06111228 -0.08344164 -0.06922009 -0.02569081
  -0.08145359]]


Energy shift of the main peak over the sample in dependence of the 1st main peaks position of NiO:

[[ 0.00000000e+00  7.82468282e-01  8.12083665e-01  8.02621514e-01
   6.64655329e-01  8.11510873e-01  7.56270395e-01  8.11075663e-01
   6.72812020e-01  7.63207629e-01  8.12082706e-01  8.06477030e-01
   7.16070078e-01]
 [ 5.20356215e-01  3.16557421e-01  7.62882805e-01  7.55026720e-01
   7.99532808e-01  8.12042510e-01  8.12084206e-01  7.97082619e-01
   8.12080248e-01  7.94429694e-01  7.86414004e-01  4.75421265e-01
   2.50171712e-01]
 [ 8.10761888e-01  5.43220327e-01  8.10743054e-01  8.11917241e-01
   8.12074825e-01  7.07771848e-01  6.10103013e-01  8.07027566e-01
   4.49287258e-01  2.37072238e-01  5.18853504e-01  6.52214513e-01
   6.55120404e-01]
 [ 6.36215053e-01  8.10747856e-01  7.65001416e-01  8.12064061e-01
  -5.41698366e-01  5.22932025e-01  8.10195095e-01  5.62709500e-01
   7.97180461e-01  8.11813570e-01  4.91151147e-01  5.88241672e-01
   5.04731879e-01]
 [-4.92062980e-02  6.72624493e-01  6.09855601e-01  7.99165089e-01
   4.93484829e-01  7.71549100e-01  6.58053201e-01  3.62249316e-01
   5.09961099e-01  3.87044027e-01  3.77652715e-01  1.49160600e-01
  -3.25678089e-02]
 [ 2.57480008e-01  6.68864807e-01  2.71500676e-01 -5.97022012e-02
   2.78444599e-02  8.11201978e-02  1.94260733e-01  3.36503690e-01
   1.69758019e-01 -1.40350180e-01 -2.83289813e-01 -2.07101003e-01
  -2.71038543e-01]
 [-4.36943398e-02 -4.30287159e-02 -1.16651899e-01 -2.86063166e-01
  -3.27211804e-01 -2.84689256e-01 -3.85566627e-01 -3.50312479e-01
  -3.74121242e-01 -1.87354773e-01 -4.42170530e-01 -2.63338774e-01
  -9.81644131e-02]
 [-1.69361873e-01  5.21500660e-02 -4.74005786e-01 -1.88811372e-01
  -9.85024520e-02 -1.72750665e-01 -1.80944603e-01 -2.93968774e-01
  -3.20351728e-01 -2.41845322e-01 -1.51615512e-01 -2.06049144e-01
  -1.81760132e-01]
 [-1.89072489e-01 -2.62946145e-01 -8.83090006e-02 -2.42545872e-01
  -4.40939616e-01 -4.12447103e-01 -3.27861476e-01 -3.73993522e-01
  -9.69135734e-02 -3.77923557e-01 -3.45946388e-01 -2.13366684e-01
  -1.28897990e-01]
 [-1.99979751e-01 -1.29172603e-01 -2.25691236e-01 -3.16402724e-01
  -2.21038373e-01 -1.13463084e-01 -1.06905051e-01 -2.55381261e-01
  -2.64629061e-01 -4.43594565e-02 -1.73752627e-01 -3.89444004e-01
  -1.26016340e-01]
 [-2.85435988e-01 -1.63240548e-01 -1.96172204e-01 -1.19985177e-01
  -1.75746516e-02 -1.79097971e-01 -1.82112334e-01 -3.40038448e-01
  -2.39535515e-01 -2.05627977e-01 -2.41046109e-01  7.53361748e-04
  -1.21275935e-01]
 [-1.79005756e-01 -1.89878256e-02 -7.58689604e-02 -1.21786277e-01
  -1.11135273e-01 -8.63683743e-02 -6.24880630e-02 -3.03791796e-02
   4.54929902e-02 -1.08870863e-01 -8.04733933e-02 -7.41072435e-02
   2.51220593e-02]
 [-6.28376725e-03 -6.06600370e-02 -5.11932103e-02 -6.89120421e-02
   1.04514703e-02  8.03864061e-01  1.76357701e-01  2.13270625e-01
   1.47814646e-01 -3.73390757e-01 -4.08655056e-01 -1.95876788e-01
   3.75109799e-01]]


